gnn/A_csr_10400.dat
nRows 23325
nCols 23325
[rows 0 to 13 of 14, columns 14168 to 14244 of 23325]
96049 96056 96063 96070 96077 96084 96091 96098 96105 96111 96117 96124 96131 96138 96145 96152 96159 96166 96173 96180 96187 96194 96201 96208 96215 96222 96229 96236 96243 96250 96257 96264 96271 96278 96285 96292 96299 96306 96313 96320 96326 96332 96339 96346 96353 96360 96367 96374 96381 96388 96395 96402 96409 96416 96423 96430 96437 96444 96451 96458 96465 96472 96479 96486 96493 96500 96507 96514 96521 96528 96535 96541 96547 96554 96561 96568 96575
1649 2125 2152 2154 2181 2657 2154 1650 2126 2153 2155 2182 2658 2155 1651 2127 2154 2183 2659 2156 1652 2128 2157 2184 2660 2157 1653 2129 2156 2158 2185 2661 2158 1654 2130 2157 2159 2186 2662 2159 1655 2131 2158 2160 2187 2663 2160 1656 2132 2159 2161 2188 2664 2161 1657 2133 2160 2162 2189 2665 2162 1658 2134 2161 2163 2190 2666 2163 1659 2135 2162 2164 2191 2667 2164 1660 2136
6131 5581 5047 5552 5580 5582 5610 6132 5582 5048 5553 5581 5583 5611 6133 5583 5049 5554 5582 5584 5612 6134 5584 5050 5555 5583 5585 5613 6135 5585 5051 5556 5584 5586 5614 6136 5586 5052 5557 5585 5587 5615 6137 5587 5053 5558 5586 5588 5616 6138 5588 5054 5559 5587 5589 5617 6139 5589 5055 5560 5588 5590 5618 6140 5590 5056 5561 5589 5591 5619 6141 5591 5057 5562 5590 5592 5620
9041 9632 9011 8389 8980 9010 9012 9042 9633 9012 8390 8981 9011 9013 9043 9634 9013 8391 8982 9012 9014 9044 9635 9014 8392 8983 9013 9015 9045 9636 9015 8393 8984 9014 9016 9046 9637 9016 8394 8985 9015 9017 9047 9638 9017 8395 8986 9016 9018 9048 9639 9018 8396 8987 9017 9019 9049 9640 9019 8397 8988 9018 9020 9050 9641 9020 8398 8989 9019 9021 9051 9642 9021 8399 8990 9020 9022
13042 12420 11797 12389 12419 12421 12451 13043 12421 11798 12390 12420 12422 12452 13044 12422 11799 12391 12421 12423 12453 13045 12423 11800 12392 12422 12424 12454 13046 12424 11801 12393 12423 12425 12455 13047 12425 11802 12394 12424 12426 12456 13048 12426 11803 12395 12425 12427 12457 13049 12427 11804 12396 12426 12458 13050 12428 11805 12397 12429 12459 13051 12429 11806 12398 12428 12430 12460 13052 12430 11807 12399 12429 12431 12461 13053 12431
16459 15835 15210 15834 15836 15866 16460 15836 15211 15835 15837 15867 16461 15837 15212 15836 15838 15868 16462 15838 15213 15837 15839 15869 16463 15839 15214 15838 15840 15870 16464 15840 15215 15839 15841 15871 16465 15841 15216 15840 15842 15872 16466 15842 15217 15841 15843 15873 16467 15843 15218 15842 15844 15874 16468 15844 15219 15843 15845 15875 16469 15845 15220 15844 15846 15876 16470 15846 15221 15845 15847 15877 16471 15847 15222 15846 15848
19248 19278 19872 19248 18623 19217 19247 19249 19279 19873 19249 18624 19218 19248 19250 19280 19874 19250 18625 19219 19249 19251 19281 19875 19251 18626 19220 19250 19252 19282 19876 19252 18627 19221 19251 19253 19283 19877 19253 18628 19222 19252 19254 19284 19878 19254 18629 19223 19253 19255 19285 19879 19255 18630 19224 19254 19256 19286 19880 19256 18631 19225 19255 19257 19287 19881 19257 18632 19226 19256 19258 19288 19882 19258 18633 19227 19257
22657 22687 23281 22657 22032 22626 22656 22658 22688 23282 22658 22033 22627 22657 22659 22689 23283 22659 22034 22628 22658 22660 22690 23284 22660 22035 22629 22659 22661 22691 23285 22661 22036 22630 22660 22662 22692 23286 22662 22037 22631 22661 22663 22693 23287 22663 22038 22632 22662 22664 22694 23288 22664 22039 22633 22663 22665 22695 23289 22665 22040 22634 22664 22666 22696 23290 22666 22041 22635 22665 22667 22697 23291 22667 22042 22636 22666
0.657886 0.621093 0.367146 0.231648 -2.74582 0.24537 0.658689 0.621093 0.586405 0.388896 0.24537 -2.76938 0.25988 0.69764 0.586405 0.553683 0.411893 0.25988 -2.80208 0.275245 0.738888 0.553683 0.522773 0.436246 0.275245 -2.84407 0.291534 0.782613 0.522773 0.493552 0.462062 0.291533 -2.89563 0.308816 0.829007 0.493552 0.465992 0.489453 0.308816 -2.95641 0.327055 0.87797 0.465992 0.439979 0.518361 0.327055 -3.02725 0.346424 0.929964 0.439979 0.415398 0.549059 0.346423 -3.10799 0.366922 0.984993 0.415398 0.392207 0.581548 0.366922 -3.1989 0.388618 1.04323 0.392207 0.370293 0.615934 0.388618 -3.30069 0.411648 1.10506 0.370293 0.349609 0.652436 0.411648 -3.41303 0.435979 1.17037
0.598882 0.598893 0.00295596 0.00279084 0.598889 0.598882 -2.54257 0.63428 0.634292 0.00279084 0.00263503 0.634288 0.63428 -2.69241 0.671818 0.67183 0.00263503 0.0024878 0.671826 0.671818 -2.85124 0.711595 0.711608 0.0024878 0.00234887 0.711604 0.711596 -3.01924 0.753664 0.753677 0.00234887 0.00221771 0.753673 0.753664 -3.19742 0.798271 0.798285 0.00221771 0.00209381 0.798281 0.798271 -3.38617 0.845518 0.845533 0.00209381 0.00197684 0.845528 0.845518 -3.58608 0.895552 0.895568 0.00197684 0.00186644 0.895563 0.895552 -3.79775 0.948523 0.94854 0.00186644 0.00176222 0.948535 0.948523 -4.02198 1.00463 1.00465 0.00176222 0.00166377 1.00464 1.00463 -4.25976 1.06412 1.06414 0.00166377 0.00157003 1.06414 1.06412 -4.5051
-3.01924 0.753666 0.753671 0.00234886 0.0022177 0.753676 0.753665 -3.19742 0.798273 0.798278 0.0022177 0.0020938 0.798283 0.798272 -3.38616 0.845519 0.845524 0.0020938 0.00197684 0.84553 0.845517 -3.58607 0.895553 0.895559 0.00197684 0.00186644 0.895565 0.895552 -3.79774 0.948525 0.948531 0.00186644 0.00176222 0.948537 0.948523 -4.02197 1.00463 1.00464 0.00176222 0.00166376 1.00464 1.00463 -4.25975 1.06412 1.06413 0.00166376 0.00157001 1.06414 1.06412 -4.50505 1.12587 1.12587 0.00157001 1.12588 1.12586 -0.811748 0.200857 0.20086 0.00831586 0.200858 0.200857 -0.867165 0.212748 0.212751 0.00831586 0.00785161 0.21275 0.212748 -0.916623 0.225339 0.225341 0.00785161 0.00741319 0.22534 0.225338 -0.969118 0.238675
0.0271024 0.0255892 0.048687 1.95138 -4.32236 2.06686 0.0873399 0.0255892 0.0241614 0.0515674 2.06685 -4.57205 2.18899 0.0924991 0.0241614 0.0228119 0.0546149 2.18897 -4.8371 2.31847 0.0979664 0.0228119 0.0215369 0.057846 2.31846 -5.11891 2.456 0.10378 0.0215369 0.0203348 0.0612767 2.45599 -5.41654 2.6011 0.109916 0.0203348 0.0191996 0.0648966 2.60109 -5.73259 2.75506 0.116419 0.0191996 0.0181265 0.0687384 2.75504 -6.06737 2.91802 0.123301 0.0181265 0.0171145 0.0728047 2.918 -6.4222 3.09062 0.130596 0.0171145 0.0161584 0.0771106 3.0906 -6.799 3.2738 0.138338 0.0161584 0.0152557 0.0816806 3.27377 -7.19709 3.46722 0.146509 0.0152557 0.0144037 0.086507 3.46719 -7.61945 3.67233 0.155171
0.798282 -3.38616 0.845532 0.845517 0.00209381 0.00197684 0.845517 0.845527 -3.58607 0.895566 0.89555 0.00197684 0.00186644 0.89555 0.895561 -3.79774 0.948538 0.948521 0.00186644 0.00176222 0.948521 0.948533 -4.02197 1.00465 1.00463 0.00176222 0.00166376 1.00463 1.00464 -4.25976 1.06414 1.06412 0.00166376 0.00157002 1.06412 1.06414 -4.50505 1.12588 1.12586 0.00157002 1.12586 1.12588 -0.811743 0.200858 0.200856 0.00831573 0.200857 0.200856 -0.867153 0.212747 0.212746 0.00831573 0.0078515 0.212747 0.212746 -0.916622 0.22534 0.225339 0.0078515 0.00741317 0.22534 0.225339 -0.969124 0.238679 0.238677 0.00741317 0.00699925 0.238678 0.238677 -1.02481 0.252802 0.2528 0.00699925 0.00660839 0.252801 0.2528 -1.08392
0.15043 -16.4003 0.159156 10.0839 0.0404492 5.95767 0.159157 -2.14983 0.0481131 1.06288 0.363032 0.627693 0.0481129 -2.59836 0.050961 1.1258 0.363032 0.342764 0.664849 0.0509609 -2.67097 0.0539772 1.19243 0.342764 0.323627 0.704199 0.0539771 -2.75242 0.0571721 1.26301 0.323627 0.305558 0.745881 0.057172 -2.84294 0.0605556 1.33776 0.305558 0.288496 0.790023 0.0605555 -2.94291 0.0641406 1.41695 0.288496 0.272385 0.836793 0.0641404 -3.05255 0.0679365 1.50081 0.272385 0.257165 0.886317 0.0679364 -3.17251 0.0719628 1.58975 0.257165 0.24282 0.938843 0.0719626 -3.30223 0.0762071 1.68352 0.24282 0.229267 0.994217 0.076207 -3.44371 0.0807267 1.78336 0.229267 0.216444 1.05318 0.0807268 -3.5964
