gnn/A_csr_11000.dat
nRows 23325
nCols 23325
[rows 0 to 13 of 14, columns 13090 to 13166 of 23325]
88700 88707 88714 88721 88728 88735 88742 88749 88756 88763 88770 88777 88784 88791 88798 88805 88812 88819 88826 88833 88840 88847 88854 88861 88868 88875 88881 88887 88894 88901 88908 88915 88922 88929 88936 88943 88950 88957 88964 88971 88978 88985 88992 88999 89006 89013 89020 89027 89034 89041 89048 89055 89062 89069 89076 89083 89090 89096 89102 89109 89116 89123 89130 89137 89144 89151 89158 89165 89172 89179 89186 89193 89200 89207 89214 89221 89228
1990 1486 1962 1989 1991 2494 1991 1487 1963 1990 1992 2495 1992 1488 1964 1991 1993 2496 1993 1489 1965 1992 1994 2497 1994 1490 1966 1993 1995 2498 1995 1491 1967 1994 1996 2499 1996 1492 1968 1995 1997 2500 1997 1493 1969 1996 1998 2501 1998 1494 1970 1997 1999 2502 1999 1495 1971 1998 2000 2503 2000 1496 1972 1999 2001 2504 2001 1497 1973 2000 2002 2505 2002 1498 1974 2001 2003
5440 5959 5413 4909 5385 5412 5414 5441 5960 5414 4910 5386 5413 5415 5442 5961 5415 4911 5387 5414 5416 5443 5962 5416 4912 5388 5415 5417 5444 5963 5417 4913 5389 5416 5418 5445 5964 5418 4914 5390 5417 5419 5446 5965 5419 4915 5391 5418 5420 5447 5966 5420 4916 5392 5419 5421 5448 5967 5421 4917 5393 5420 5422 5449 5968 5422 4918 5394 5421 5423 5450 5969 5423 4919 5395 5422 5424
8813 8843 8845 8875 9466 8845 8234 8814 8844 8846 8876 9467 8846 8235 8815 8845 8847 8877 9468 8847 8236 8816 8846 8848 8878 9469 8848 8237 8817 8847 8849 8879 9470 8849 8238 8818 8848 8880 9471 8850 8819 8851 8881 9472 8851 8239 8820 8850 8852 8882 9473 8852 8240 8821 8851 8853 8883 9474 8853 8241 8822 8852 8854 8884 9475 8854 8242 8823 8853 8855 8885 9476 8855 8243 8824 8854 8856
12263 12265 12295 12887 12265 11642 12234 12264 12266 12296 12888 12266 11643 12235 12265 12267 12297 12889 12267 11644 12236 12266 12268 12298 12890 12268 11645 12237 12267 12269 12299 12891 12269 11646 12238 12268 12270 12300 12892 12270 11647 12239 12269 12271 12301 12893 12271 11648 12240 12270 12272 12302 12894 12272 11649 12241 12271 12303 12895 12273 11650 12242 12274 12304 12896 12274 11651 12243 12273 12275 12305 12897 12275 11652 12244 12274 12276
16298 15674 15050 15643 15673 15675 15705 16299 15675 15051 15644 15674 15676 15706 16300 15676 15052 15645 15675 15677 15707 16301 15677 15053 15646 15676 15678 15708 16302 15678 15054 15647 15677 15679 15709 16303 15679 15055 15648 15678 15680 15710 16304 15680 15056 15649 15679 15681 15711 16305 15681 15057 15650 15680 15682 15712 16306 15682 15058 15651 15681 15683 15713 16307 15683 15059 15652 15682 15684 15714 16308 15684 15060 15653 15683 15685 15715
18467 19061 19091 19093 19123 19717 19093 18468 19062 19092 19094 19124 19718 19094 18469 19063 19093 19095 19125 19719 19095 18470 19064 19094 19096 19126 19720 19096 18471 19065 19095 19097 19127 19721 19097 18472 19066 19096 19098 19128 19722 19098 18473 19067 19097 19099 19129 19723 19099 18474 19068 19098 19100 19130 19724 19100 18475 19069 19099 19101 19131 19725 19101 18476 19070 19100 19102 19132 19726 19102 18477 19071 19101 19103 19133 19727 19103
21876 22470 22500 22502 22532 23126 22502 21877 22471 22501 22503 22533 23127 22503 21878 22472 22502 22504 22534 23128 22504 21879 22473 22503 22505 22535 23129 22505 21880 22474 22504 22506 22536 23130 22506 21881 22475 22505 22507 22537 23131 22507 21882 22476 22506 22508 22538 23132 22508 21883 22477 22507 22509 22539 23133 22509 21884 22478 22508 22510 22540 23134 22510 21885 22479 22509 22511 22541 23135 22511 21886 22480 22510 22512 22542 23136 22512
9.08927 0.0498715 -19.4257 0.0528244 9.62716 0.0336574 0.0317777 9.62745 0.0528244 -20.5666 0.0559473 10.1963 0.0317777 0.0300033 10.1966 0.0559473 -21.7768 0.0592587 10.7998 0.0300033 0.0283271 10.8001 0.0592587 -23.0589 0.062766 11.439 0.0283271 0.0267447 11.4393 0.062766 -24.4171 0.0664802 12.1159 0.0267447 0.025251 12.1163 0.0664802 -25.8554 0.0704124 12.8325 0.025251 0.0238411 12.8329 0.0704124 -27.3792 0.0745775 13.5916 0.0238411 0.022509 13.592 0.0745775 -28.9952 0.0789939 14.3965 0.022509 0.0212406 14.3969 0.0789939 -30.652 0.0835759 15.2316 0.0212406 15.232 0.0835766 -6.40296 0.0177187 3.22913 0.0946983 3.04369 0.0177187 -6.86571 0.0187673 3.42024 0.0946983 0.0894103 3.22383 0.0187673
0.400442 -1.70469 0.424145 0.424144 0.00417323 0.00394 0.424146 0.424145 -1.80482 0.449289 0.449289 0.00394 0.00371998 0.449289 0.449289 -1.91052 0.475822 0.475822 0.00371998 0.0035123 0.475822 0.475822 -2.02282 0.503998 0.503998 0.0035123 0.00331606 0.503998 0.503998 -2.14172 0.533819 0.533819 0.00331606 0.00313093 0.533819 0.533819 -2.26762 0.565384 0.565384 0.00313093 0.002956 0.565385 0.565385 -2.40131 0.598892 0.598892 0.002956 0.00279088 0.598892 0.598891 -2.54258 0.634289 0.634289 0.00279088 0.00263507 0.634289 0.634289 -2.69243 0.671827 0.671827 0.00263507 0.00248783 0.671827 0.671827 -2.85126 0.711606 0.711606 0.00248783 0.0023489 0.711606 0.711605 -3.01926 0.753674 0.753674 0.0023489 0.00221774 0.753674
0.67182 0.00263503 0.0024878 0.671822 0.671819 -2.13963 0.711599 0.0024878 0.00234886 0.711601 0.711597 -2.26557 0.753667 0.00234886 0.00221771 0.753669 0.753666 -2.39914 0.798275 0.00221771 0.00209381 0.798278 0.798273 -2.54064 0.845521 0.00209381 0.00197684 0.845524 0.84552 -2.69051 0.895555 0.00197684 0.00186644 0.895558 0.895554 -2.84921 0.948527 0.00186644 0.00176222 0.948529 0.948525 -3.01733 1.00463 0.00176222 0.00166376 1.00464 1.00463 -3.19562 1.06413 0.00166376 0.00157002 1.06413 1.06413 -3.37918 1.12587 0.00157002 1.12587 1.12587 -0.811772 0.200864 0.200864 0.00831608 0.200864 0.200864 -0.867175 0.212752 0.212752 0.00831608 0.00785176 0.212751 0.212751 -0.916638 0.225343 0.225345 0.00785176 0.0074134 0.225342
-1.43756 0.356983 0.356977 0.00495806 0.00468114 0.356985 0.356981 -1.52146 0.378091 0.378085 0.00468114 0.00441992 0.378095 0.378089 -1.61037 0.400446 0.400439 0.00441992 0.00417318 0.400453 0.400443 -1.70468 0.424145 0.424137 0.00417318 0.00393991 0.424146 0.424142 -1.8048 0.449286 0.449278 0.00393991 0.00371989 0.449292 0.449283 -1.91052 0.475821 0.475812 0.00371989 0.00351224 0.475837 0.475818 -2.02283 0.504001 0.503991 0.00351224 0.00331602 0.504011 0.503997 -2.14173 0.533824 0.533814 0.00331602 0.00313089 0.533827 0.53382 -2.26763 0.565387 0.565377 0.00313089 0.00295596 0.565397 0.565384 -2.40132 0.598892 0.598881 0.00295596 0.00279083 0.598906 0.598888 -2.54258 0.63429 0.634279 0.00279083 0.00263503 0.634297 0.634286
0.0997915 33.9136 -72.058 35.9207 0.0224055 0.0997915 0.0942163 35.9209 -76.3005 38.0467 0.0237315 0.0942163 0.0889531 38.0469 -80.7945 40.2981 0.0251359 0.0889531 0.0839853 40.2983 -85.5536 42.6817 0.0266226 0.0839853 0.0792957 42.682 -90.5955 45.2064 0.0281974 0.0792957 0.0748653 45.2067 -95.9426 47.8835 0.0298672 0.0748653 0.0706465 47.8838 -101.424 50.661 0.0315997 0.0706465 50.6613 -0.610889 0.200859 0.0083158 0.200857 0.200857 -0.654412 0.212749 0.0083158 0.00785162 0.212747 0.212748 -0.691295 0.225345 0.00785162 0.00741335 0.225343 0.225343 -0.730465 0.238686 0.00741335 0.00699947 0.238684 0.238683 -0.765427 0.252811 0.00699947 0.252809 0.252807 -0.811747 0.200859 0.200857 0.0083158 0.200857 0.200858
0.0225088 0.0212403 14.3966 0.0789929 -30.6516 0.0835749 15.2315 0.0212403 15.2316 0.0835749 -5.57709 0.0149101 2.71739 0.112503 2.71738 0.0149101 -6.00679 0.0157927 2.87825 0.112503 0.106222 2.87823 0.0157927 -6.33715 0.0167274 3.0486 0.106222 0.100292 3.04858 0.0167274 -6.68851 0.0177176 3.22905 0.100292 0.0946924 3.22903 0.0177176 -7.06191 0.0187661 3.42015 0.0946924 0.0894048 3.42013 0.0187661 -7.4588 0.0198771 3.62263 0.0894048 0.0844121 3.6226 0.0198771 -7.88024 0.0210535 3.83702 0.0844121 0.0796955 3.837 0.0210535 -8.32837 0.0223012 4.06442 0.0796955 0.0752498 4.0644 0.0223012 -8.80179 0.0236165 4.30414 0.0752498 0.0710497 4.30412 0.0236165 -9.30698 0.0250172 4.55942 0.0710497 0.0670761
