gnn/A_csr_11000.dat
nRows 23325
nCols 23325
[rows 0 to 13 of 14, columns 10857 to 10933 of 23325]
73425 73431 73437 73443 73449 73455 73461 73467 73473 73479 73485 73491 73497 73503 73509 73515 73521 73527 73533 73538 73544 73551 73558 73565 73572 73579 73586 73593 73600 73607 73614 73621 73628 73635 73642 73649 73656 73663 73670 73677 73684 73691 73698 73705 73712 73719 73726 73733 73740 73747 73753 73759 73766 73773 73780 73787 73794 73801 73808 73815 73822 73829 73836 73843 73850 73857 73864 73871 73878 73885 73892 73899 73906 73913 73920 73927 73934
1639 1666 1668 1695 2171 1668 1164 1640 1667 1669 1696 2172 1669 1165 1641 1668 1670 1697 2173 1670 1166 1642 1669 1671 1698 2174 1671 1167 1643 1670 1672 1699 2175 1672 1168 1644 1671 1673 1700 2176 1673 1169 1645 1672 1674 1701 2177 1674 1170 1646 1673 1675 1702 2178 1675 1171 1647 1674 1676 1703 2179 1676 1172 1648 1675 1677 1704 2180 1677 1173 1649 1676 1678 1705 2181 1678 1174
5062 5089 5091 5118 5625 5091 4587 5063 5090 5092 5119 5626 5092 4588 5064 5091 5093 5120 5627 5093 4589 5065 5092 5094 5121 5628 5094 4590 5066 5093 5095 5122 5629 5095 4591 5067 5094 5123 5630 5096 4592 5068 5097 5124 5632 5097 4593 5069 5096 5098 5125 5633 5098 4594 5070 5097 5099 5126 5634 5099 4595 5071 5098 5100 5127 5635 5100 4596 5072 5099 5101 5128 5636 5101 4597 5073 5100
8521 7920 8490 8520 8522 8552 9143 8522 7921 8491 8521 8523 8553 9144 8523 7922 8492 8522 8524 8554 9145 8524 7923 8493 8523 8525 8555 9146 8525 7924 8494 8524 8526 8556 9147 8526 7925 8495 8525 8527 8557 9148 8527 7926 8496 8526 8528 8558 9149 8528 7927 8497 8527 8529 8559 9150 8529 7928 8498 8528 8530 8560 9151 8530 7929 8499 8529 8531 8561 9152 8531 7930 8500 8530 8532 8562 9153
11902 11932 11934 11964 12556 11934 11312 11903 11933 11935 11965 12557 11935 11313 11904 11934 11936 11966 12558 11936 11314 11905 11935 11937 11967 12559 11937 11315 11906 11936 11938 11968 12560 11938 11316 11907 11937 11939 11969 12561 11939 11317 11908 11938 11940 11970 12562 11940 11318 11909 11939 11941 11971 12563 11941 11319 11910 11940 11942 11972 12564 11942 11320 11911 11941 11943 11973 12565 11943 11321 11912 11942 11944 11974 12566 11944 11322
15382 15976 15352 14728 15321 15351 15353 15383 15977 15353 14729 15322 15352 15354 15384 15978 15354 14730 15323 15353 15355 15385 15979 15355 14731 15324 15354 15356 15386 15980 15356 14732 15325 15355 15357 15387 15981 15357 14733 15326 15356 15358 15388 15982 15358 14734 15327 15357 15359 15389 15983 15359 14735 15328 15358 15390 15984 15360 14736 15329 15361 15391 15985 15361 14737 15330 15360 15362 15392 15986 15362 14738 15331 15361 15363 15393 15987
19385 18761 18136 18730 18760 18762 18792 19386 18762 18137 18731 18761 18763 18793 19387 18763 18138 18732 18762 18794 19388 18764 18139 18733 18765 18795 19389 18765 18140 18734 18764 18766 18796 19390 18766 18141 18735 18765 18767 18797 19391 18767 18142 18736 18766 18768 18798 19392 18768 18143 18737 18767 18769 18799 19393 18769 18144 18738 18768 18770 18800 19394 18770 18145 18739 18769 18771 18801 19395 18771 18146 18740 18770 18772 18802 19396 18772
22148 22178 22180 22210 22804 22180 21555 22149 22179 22181 22211 22805 22181 21556 22150 22180 22182 22212 22806 22182 21557 22151 22181 22183 22213 22807 22183 21558 22152 22182 22184 22214 22808 22184 21559 22153 22183 22185 22215 22809 22185 21560 22154 22184 22186 22216 22810 22186 21561 22155 22185 22187 22217 22811 22187 21562 22156 22186 22188 22218 22812 22188 21563 22157 22187 22189 22219 22813 22189 21564 22158 22188 22190 22220 22814 22190 21565
1.75022 0.23381 0.220754 1.03334 0.651978 -4.75848 0.690544 1.85375 0.220754 0.20842 1.09447 0.690544 -4.99077 0.731436 1.96352 0.20842 0.196675 1.15928 0.731435 -5.04832 0.773861 2.07741 0.196675 1.22652 0.77386 -2.45447 0.277885 0.260019 1.48517 0.153512 0.277885 -3.91407 0.29433 0.275407 1.48517 1.40224 0.162597 0.29433 -3.81361 0.311754 0.291711 1.40224 1.32393 0.172223 0.311754 -3.72568 0.330205 0.308975 1.32393 1.24995 0.182415 0.330205 -3.65024 0.349774 0.327286 1.24995 1.18023 0.193226 0.349774 -3.5866 0.370404 0.34659 1.18023 1.11435 0.204623 0.370404 -3.53503 0.392373 0.367146 1.11435 1.05203 0.216759 0.392373 -3.49504 0.415617 0.388896 1.05203
-4.19873 1.06418 1.06415 0.00166383 0.00157009 1.003 1.06417 -4.44062 1.12595 1.12591 0.00157009 1.06125 1.12594 -0.623063 0.212417 0.00832706 0.149198 0.253121 -0.935402 0.268099 0.224988 0.00832706 0.00786181 0.158027 0.2681 -0.988838 0.283947 0.238293 0.00786181 0.00742248 0.167368 0.283945 -1.0456 0.300753 0.252398 0.00742248 0.00700803 0.177273 0.300747 -1.10586 0.318562 0.267341 0.00700803 0.0066164 0.187771 0.31856 -1.16977 0.337422 0.283176 0.0066164 0.00624731 0.198888 0.337422 -1.23735 0.357345 0.299887 0.00624731 0.00589889 0.21063 0.35734 -1.30938 0.378552 0.31768 0.00589889 0.00556903 0.22313 0.37855 -1.3856 0.400965 0.336495 0.00556903 0.00525819 0.236344 0.40097 -1.46642 0.42472 0.356414
0.00699933 0.238689 0.238679 -1.02483 0.252806 0.252802 0.00699933 0.00660852 0.25281 0.252805 -1.08393 0.267773 0.267769 0.00660852 0.00623947 0.267771 0.267773 -1.14661 0.28362 0.283615 0.00623947 0.00589082 0.283624 0.283619 -1.21316 0.300427 0.300423 0.00589082 0.0055622 0.30043 0.300427 -1.2834 0.318147 0.318142 0.0055622 0.00525175 0.318148 0.318147 -1.35828 0.337016 0.33701 0.00525175 0.00495802 0.337024 0.337015 -1.43756 0.35698 0.356973 0.00495802 0.00468111 0.356989 0.356978 -1.52146 0.378089 0.378082 0.00468111 0.00441991 0.378098 0.378088 -1.61038 0.400446 0.400439 0.00441991 0.0041732 0.400452 0.400445 -1.70469 0.424148 0.424141 0.0041732 0.00393994 0.424143 0.424146 -1.80481 0.44929 0.449282 0.00393994
0.0889531 0.0839853 40.2983 -85.5536 42.6818 0.0266226 0.0839853 0.0792957 42.682 -90.5956 45.2065 0.0281974 0.0792957 0.0748653 45.2067 -95.9427 47.8836 0.0298672 0.0748653 0.0706465 47.8838 -101.425 50.661 0.0315997 0.0706465 50.6613 -0.610904 0.200864 0.00831592 0.200862 0.200862 -0.654414 0.21275 0.00831592 0.00785166 0.212748 0.212749 -0.683886 0.225345 0.00785166 0.225344 0.225345 -0.811763 0.200863 0.200862 0.00831589 0.200861 0.200862 -0.867159 0.212749 0.212748 0.00831589 0.00785162 0.212747 0.212748 -0.916638 0.225344 0.225344 0.00785162 0.00741338 0.225342 0.225344 -0.73047 0.238687 0.00741338 0.00699951 0.238684 0.238686 -0.772039 0.252811 0.00699951 0.00660863 0.252809 0.252811 -0.816175 0.267776 0.00660863
0.00556215 0.00525168 0.318141 0.318143 -1.35825 0.33701 0.337012 0.00525168 0.00495797 0.33701 0.337012 -1.43754 0.356975 0.356977 0.00495797 0.00468107 0.356975 0.356977 -1.52144 0.378084 0.378086 0.00468107 0.00441985 0.378083 0.378086 -1.61035 0.400437 0.40044 0.00441985 0.00417311 0.400437 0.40044 -1.70466 0.424135 0.424138 0.00417311 0.00393985 0.424135 0.424138 -1.80477 0.449276 0.449279 0.00393985 0.00371984 0.449276 0.449279 -1.91049 0.475812 0.475815 0.00371984 0.0035122 0.475812 0.475815 -2.0228 0.503992 0.503996 0.0035122 0.00331598 0.503992 0.503995 -2.14171 0.533814 0.533818 0.00331598 0.00313085 0.533814 0.533817 -2.2676 0.565377 0.56538 0.00313085 0.00295592 0.565376 0.56538 -2.40128 0.598881 0.598885
1.49988 1.41604 0.161055 0.836436 -4.98462 0.886016 0.288967 1.41604 1.33697 0.170602 0.886018 -4.96272 0.938347 0.306035 1.33697 1.26234 0.180679 0.938349 -4.95753 0.993917 0.324158 1.26234 1.19181 0.191379 0.99392 -4.96859 1.05273 0.343339 1.19181 1.12528 0.202703 1.05273 -4.99596 1.11498 0.363641 1.12528 1.0624 0.214688 1.11498 -5.04017 1.18105 0.385191 1.0624 1.00306 0.227411 1.18105 -5.10065 1.25086 0.407958 1.00306 0.94706 0.240853 1.25086 -5.17819 1.32489 0.432101 0.94706 0.894143 0.255107 1.32489 -5.27292 1.40333 0.457686 0.894143 0.844209 0.270212 1.40334 -5.3848 1.4863 0.484744 0.844209 0.79707 0.286186 1.4863 -5.5147 1.57426 0.513434
