gnn/A_csr_10400.dat
nRows 23325
nCols 23325
[rows 0 to 13 of 14, columns 10087 to 10163 of 23325]
68194 68201 68208 68215 68222 68229 68236 68243 68250 68257 68263 68269 68276 68283 68290 68297 68304 68311 68318 68325 68332 68339 68346 68353 68360 68367 68374 68381 68388 68395 68402 68409 68416 68423 68430 68437 68444 68451 68458 68465 68472 68478 68484 68491 68498 68505 68512 68519 68526 68533 68540 68547 68554 68561 68568 68575 68582 68589 68596 68603 68610 68617 68624 68631 68638 68645 68652 68659 68666 68673 68680 68687 68693 68699 68706 68713 68720
1052 1528 1555 1557 1584 2060 1557 1053 1529 1556 1558 1585 2061 1558 1054 1530 1557 1559 1586 2062 1559 1055 1531 1558 1560 1587 2063 1560 1056 1532 1559 1561 1588 2064 1561 1057 1533 1560 1562 1589 2065 1562 1058 1534 1561 1563 1590 2066 1563 1059 1535 1562 1564 1591 2067 1564 1060 1536 1563 1565 1592 2068 1565 1061 1537 1564 1566 1593 2069 1566 1062 1538 1565 1567 1594 2070 1567
4467 4943 4970 4972 4999 5475 4972 4468 4944 4971 4973 5000 5476 4973 4469 4945 4972 4974 5001 5477 4974 4470 4946 4973 4975 5002 5478 4975 4471 4947 4974 4976 5003 5479 4976 4472 4948 4975 4977 5004 5480 4977 4473 4949 4976 4978 5005 5481 4978 4474 4950 4977 4979 5006 5482 4979 4475 4951 4978 4980 5007 5483 4980 4476 4952 4979 4981 5008 5484 4981 4477 4953 4980 4982 5009 5485 4982
9029 8408 7814 8384 8407 8409 8439 9030 8409 7815 8408 8410 8440 9031 8410 7816 8409 8411 8441 9032 8411 7817 8410 8412 8442 9033 8412 7818 8411 8413 8443 9034 8413 7819 8412 8414 8444 9035 8414 7820 8413 8415 8445 9036 8415 7821 8414 8446 9037 8416 8385 8417 8447 9038 8417 8386 8416 8418 8448 9039 8418 7822 8387 8417 8419 8449 9040 8419 7823 8388 8418 8420 8450 9041 8420 7824 8389
11200 11791 11821 11823 11853 12445 11823 11201 11792 11822 11824 11854 12446 11824 11202 11793 11823 11825 11855 12447 11825 11203 11794 11824 11826 11856 12448 11826 11204 11795 11825 11827 11857 12449 11827 11205 11796 11826 11828 11858 12450 11828 11206 11797 11827 11829 11859 12451 11829 11207 11798 11828 11830 11860 12452 11830 11208 11799 11829 11831 11861 12453 11831 11209 11800 11830 11832 11862 12454 11832 11210 11801 11831 11833 11863 12455 11833
15865 15241 14617 15210 15240 15242 15272 15866 15242 14618 15211 15241 15243 15273 15867 15243 14619 15212 15242 15244 15274 15868 15244 14620 15213 15243 15245 15275 15869 15245 14621 15214 15244 15246 15276 15870 15246 14622 15215 15245 15247 15277 15871 15247 14623 15216 15246 15248 15278 15872 15248 14624 15217 15247 15249 15279 15873 15249 14625 15218 15248 15250 15280 15874 15250 14626 15219 15249 15251 15281 15875 15251 14627 15220 15250 15252 15282
18650 18025 18619 18649 18651 18681 19275 18651 18026 18620 18650 18652 18682 19276 18652 18027 18621 18651 18653 18683 19277 18653 18028 18622 18652 18654 18684 19278 18654 18029 18623 18653 18655 18685 19279 18655 18030 18624 18654 18656 18686 19280 18656 18031 18625 18655 18657 18687 19281 18657 18032 18626 18656 18658 18688 19282 18658 18033 18627 18657 18659 18689 19283 18659 18034 18628 18658 18660 18690 19284 18660 18035 18629 18659 18661 18691 19285
22060 22062 22686 22062 21437 22031 22061 22063 22687 22063 21438 22032 22062 22064 22688 22064 21439 22033 22063 22065 22689 22065 21440 22034 22064 22066 22690 22066 21441 22035 22065 22067 22691 22067 21442 22036 22066 22068 22692 22068 21443 22037 22067 22069 22693 22069 21444 22038 22068 22070 22694 22070 21445 22039 22069 22071 22695 22071 21446 22040 22070 22072 22696 22072 21447 22041 22071 22073 22697 22073 21448 22042 22072 22074 22698 22074 21449
0.0837624 12.8115 0.0267773 0.0252812 8.9982 0.0837617 -23.3278 0.0887228 13.5701 0.0252812 0.0238566 9.53106 0.0887221 -24.6528 0.0938692 14.3573 0.0238566 10.0839 0.0938689 -3.64859 0.0337409 2.13776 0.18033 1.26301 0.0337409 -4.0241 0.0357378 2.26428 0.18033 0.170261 1.33776 0.0357378 -4.222 0.0378534 2.39832 0.170261 0.160753 1.41696 0.0378534 -4.43379 0.0400937 2.54026 0.160753 0.15177 1.50082 0.0400937 -4.66059 0.0424699 2.69081 0.15177 0.143304 1.58976 0.0424699 -4.90159 0.0449747 2.84951 0.143304 0.135306 1.68352 0.0449746 -5.16023 0.0476422 3.01852 0.135306 0.127738 1.78338 0.0476423 -5.43562 0.0504645 3.19733 0.127738 0.120604 1.88902 0.0504644 -5.72851 0.0534487 3.38641
0.252802 0.252801 -1.08393 0.26777 0.267769 0.00660843 0.00623941 0.26777 0.267769 -1.1466 0.283617 0.283617 0.00623941 0.00589077 0.283617 0.283617 -1.21315 0.300424 0.300424 0.00589077 0.00556215 0.300424 0.300424 -1.28339 0.318144 0.318143 0.00556215 0.00525169 0.318144 0.318143 -1.35826 0.337012 0.337011 0.00525169 0.00495797 0.337012 0.337011 -1.43754 0.356975 0.356974 0.00495797 0.00468105 0.356975 0.356974 -1.52143 0.378084 0.378082 0.00468105 0.00441984 0.378084 0.378082 -1.61035 0.40044 0.400437 0.00441984 0.00417313 0.40044 0.400438 -1.70468 0.424142 0.424139 0.00417313 0.0039399 0.424142 0.424139 -1.80479 0.449285 0.449283 0.0039399 0.00371989 0.449285 0.449282 -1.9105 0.47582 0.475817 0.00371989 0.00351222
0.00351221 0.00331598 0.503992 0.503992 -2.14171 0.533817 0.533817 0.00331598 0.00313086 0.533814 0.533815 -2.26761 0.565381 0.565381 0.00313086 0.00295593 0.565378 0.565379 -2.40129 0.598887 0.598887 0.00295593 0.00279081 0.598883 0.598884 -2.54256 0.634285 0.634285 0.00279081 0.00263501 0.634281 0.634282 -2.69241 0.671823 0.671823 0.00263501 0.00248777 0.671819 0.67182 -2.85123 0.711601 0.711601 0.00248777 0.00234884 0.711597 0.711598 -3.01924 0.753669 0.753669 0.00234884 0.00221768 0.753665 0.753666 -3.19741 0.798276 0.798276 0.00221768 0.00209379 0.798272 0.798273 -3.38615 0.845522 0.845522 0.00209379 0.00197682 0.845518 0.845519 -3.58606 0.895557 0.895557 0.00197682 0.00186642 0.895552 0.895553 -3.79773 0.948529 0.948529
2.34081 -5.13582 2.47938 0.0365204 0.0611903 0.057773 0.0215619 2.47939 -5.42605 2.6261 0.038681 0.057773 0.0545448 0.0228378 2.62611 -5.73471 2.78174 0.0409737 0.0545448 0.0515024 0.0241913 2.78176 -6.06082 2.94583 0.0433913 0.0515024 0.0486278 0.0256183 2.94585 -6.40871 3.12053 0.045964 0.0486278 0.0459081 0.0271376 3.12054 -6.7775 3.3054 0.048687 0.0459081 0.0433444 0.0287453 3.30541 -7.16808 3.50089 0.0515674 0.0433444 0.0409256 0.0304453 3.50091 -7.58212 3.70784 0.054615 0.0409256 0.0386407 0.0322451 3.70785 -8.02163 3.92725 0.057846 0.0386407 0.0364809 0.0341532 3.92726 -8.48858 4.16009 0.0612766 0.0364809 0.034444 0.036178 4.16011 -8.98182 4.40581 0.0648966 0.034444 0.0325212 0.0383149
0.67182 0.00263501 0.00248778 0.671824 0.671824 -2.85124 0.711598 0.711598 0.00248778 0.00234885 0.711603 0.711603 -3.01924 0.753666 0.753666 0.00234885 0.00221769 0.753671 0.753671 -3.19741 0.798272 0.798272 0.00221769 0.00209379 0.798277 0.798277 -3.38615 0.845517 0.845517 0.00209379 0.00197682 0.845522 0.845522 -3.58606 0.89555 0.89555 0.00197682 0.00186642 0.895556 0.895556 -3.79773 0.948521 0.948521 0.00186642 0.0017622 0.948527 0.948527 -4.02195 1.00463 1.00463 0.0017622 0.00166374 1.00464 1.00464 -4.25973 1.06412 1.06412 0.00166374 0.00157 1.06413 1.06413 -4.50501 1.12586 1.12586 0.00157 1.12586 1.12586 -0.811743 0.200856 0.200858 0.00831574 0.200856 0.200857 -0.867153 0.212746 0.212747 0.00831574
4.73903 0.0863003 0.0814807 2.79868 0.214519 -8.59645 0.227209 5.01939 0.0814807 0.0769303 2.96423 0.227209 -9.08645 0.240644 5.31609 0.0769303 0.0726311 3.13951 0.240645 -9.60727 0.254897 5.63088 0.0726311 0.0685385 3.32543 0.254895 -10.0839 0.269684 5.95762 0.0685385 3.51835 0.269682 -1.77633 0.0815064 0.627698 0.615 0.370621 0.0815062 -2.42574 0.0863309 0.664853 0.615 0.580666 0.39256 0.0863309 -2.43179 0.0914406 0.704204 0.580666 0.548246 0.415794 0.0914405 -2.44588 0.0968528 0.745884 0.548246 0.517636 0.440405 0.0968529 -2.46803 0.102584 0.790027 0.517636 0.488731 0.466469 0.102585 -2.49837 0.108658 0.836797 0.488731 0.461438 0.494084 0.108658 -2.53691 0.115088 0.88632 0.461438
