gnn/A_csr_10400.dat
nRows 23325
nCols 23325
[rows 0 to 13 of 14, columns 19866 to 19942 of 23325]
134992 134999 135006 135013 135020 135027 135034 135041 135048 135055 135062 135069 135076 135083 135090 135097 135104 135111 135118 135125 135132 135139 135146 135153 135160 135167 135174 135180 135186 135193 135200 135207 135214 135221 135228 135235 135242 135249 135256 135263 135270 135277 135284 135291 135298 135305 135312 135319 135326 135333 135340 135347 135354 135361 135368 135375 135382 135389 135395 135401 135408 135415 135422 135429 135436 135443 135450 135457 135464 135471 135478 135485 135492 135499 135506 135513 135520
3011 3487 2984 2480 2956 2983 2985 3012 3488 2985 2481 2957 2984 2986 3013 3489 2986 2482 2958 2985 2987 3014 3490 2987 2483 2959 2986 2988 3015 3491 2988 2484 2960 2987 2989 3016 3492 2989 2485 2961 2988 2990 3017 3493 2990 2486 2962 2989 2991 3018 3494 2991 2487 2963 2990 2992 3019 3495 2992 2488 2964 2991 2993 3020 3496 2993 2489 2965 2992 2994 3021 3497 2994 2490 2966 2993 2995
6444 6980 6415 5857 6385 6414 6416 6445 6981 6416 5858 6386 6415 6417 6446 6982 6417 5859 6387 6416 6418 6447 6983 6418 5860 6388 6417 6419 6448 6984 6419 5861 6389 6418 6420 6449 6985 6420 5862 6390 6419 6450 6986 6421 6391 6422 6451 6987 6422 5863 6392 6421 6423 6452 6988 6423 5864 6393 6422 6424 6453 6989 6424 5865 6394 6423 6425 6454 6990 6425 5866 6395 6424 6426 6455 6991 6426
9810 9840 9842 9872 10463 9842 9220 9811 9841 9843 9873 10464 9843 9221 9812 9842 9844 9874 10465 9844 9222 9813 9843 9845 9875 10466 9845 9223 9814 9844 9876 10467 9846 9224 9815 9847 9877 10468 9847 9225 9816 9846 9848 9878 10469 9848 9226 9817 9847 9849 9879 10470 9849 9227 9818 9848 9850 9880 10471 9850 9228 9819 9849 9851 9881 10472 9851 9229 9820 9850 9852 9882 10473 9852 9230 9821 9851
13281 13873 13251 12628 13220 13250 13252 13282 13874 13252 12629 13221 13251 13253 13283 13875 13253 12630 13222 13252 13254 13284 13876 13254 12631 13223 13253 13255 13285 13877 13255 12632 13224 13254 13256 13286 13878 13256 12633 13225 13255 13257 13287 13879 13257 12634 13226 13256 13258 13288 13880 13258 12635 13227 13257 13259 13289 13881 13259 12636 13228 13258 13260 13290 13882 13260 12637 13229 13259 13261 13291 13883 13261 12638 13230 13260 13262
16044 16638 16668 16670 16700 17294 16670 16045 16639 16669 16671 16701 17295 16671 16046 16640 16670 16702 17296 16672 16047 16641 16673 16703 17297 16673 16048 16642 16672 16674 16704 17298 16674 16049 16643 16673 16675 16705 17299 16675 16050 16644 16674 16676 16706 17300 16676 16051 16645 16675 16677 16707 17301 16677 16052 16646 16676 16678 16708 17302 16678 16053 16647 16677 16679 16709 17303 16679 16054 16648 16678 16680 16710 17304 16680 16055 16649
20077 20079 20109 20703 20079 19454 20048 20078 20080 20110 20704 20080 19455 20049 20079 20081 20111 20705 20081 19456 20050 20080 20082 20112 20706 20082 19457 20051 20081 20083 20113 20707 20083 19458 20052 20082 20084 20114 20708 20084 19459 20053 20083 20085 20115 20709 20085 19460 20054 20084 20086 20116 20710 20086 19461 20055 20085 20087 20117 20711 20087 19462 20056 20086 20088 20118 20712 20088 19463 20057 20087 20089 20119 20713 20089 19464 20058
-21.9456 12.8115 0.0267774 0.0252814 8.99825 0.0837627 -23.2392 13.5702 0.0252814 0.0238567 9.53111 0.088723 -24.559 14.3573 0.0238567 10.084 0.0938693 -3.61485 2.13776 0.18033 1.26301 0.0337409 -3.98836 2.26427 0.18033 0.170261 1.33776 0.0357377 -4.18415 2.39832 0.170261 0.160753 1.41696 0.0378535 -4.3937 2.54026 0.160753 0.15177 1.50082 0.0400937 -4.61812 2.69081 0.15177 0.143304 1.58976 0.0424699 -4.85663 2.84952 0.143304 0.135306 1.68353 0.0449748 -5.11258 3.01852 0.135306 0.127738 1.78338 0.0476422 -5.38517 3.19734 0.127738 0.120604 1.88902 0.0504645 -5.67506 3.38641 0.120604 0.113874 2.00073 0.0534487 -5.98365 3.58663 0.113874 0.107517 2.11902 0.0566088 -6.31229
-8.82198 0.0236165 4.30401 0.0752492 0.0710496 4.30414 0.0439166 -9.32857 0.0250174 4.55936 0.0710496 0.067077 4.55953 0.0465326 -9.86539 0.0264996 4.82953 0.067077 0.0633311 4.82966 0.049296 -10.4338 0.0280666 5.11512 0.0633311 0.0597971 5.11529 0.0522096 -11.0366 0.0297261 5.41755 0.0597971 0.0564581 5.41772 0.0552971 -11.6758 0.0314848 5.73793 0.0564581 0.053302 5.7381 0.0585453 -12.3556 0.0333515 6.07817 0.053302 0.0503268 6.07843 0.0620329 -13.0739 0.0353218 6.43738 0.0503268 0.0475175 6.4376 0.0657205 -13.8365 0.0374132 6.81845 0.0475175 0.0448622 6.81864 0.06959 -14.6446 0.0396269 7.2219 0.0448622 0.0423579 7.22217 0.0737066 -15.5008 0.0419704 7.64909 0.0423579 0.0399914 7.64934 0.0780833
12.6405 0.0226206 0.0988223 0.0933058 0.0133549 12.6406 -26.9979 13.3891 0.0239602 0.0933058 0.0880929 0.0141458 13.3892 -28.5745 14.1814 0.0253779 0.0880929 0.0831748 0.0149828 14.1815 -30.2444 15.0199 0.0268785 0.0831748 0.0785276 0.0158687 15.02 -32.0181 15.91 0.0284714 0.0785276 0.0741411 0.0168091 15.9101 -33.893 16.8504 0.0301542 0.0741411 0.0700019 0.0178026 16.8505 -35.8823 17.8476 0.0319388 0.0700019 0.0660906 0.0188562 17.8477 -37.9912 18.9044 0.0338298 0.0660906 0.0623997 0.0199727 18.9045 -40.2224 20.022 0.0358299 0.0623997 0.0589154 0.0211534 20.0221 -42.5891 21.2071 0.0379506 0.0589154 0.0556239 0.0224055 21.2072 -45.0966 22.4622 0.0401966 0.0556239 0.0525166 0.0237315 22.4623 -47.7527
0.50458 -1.8408 0.534524 0.448555 0.0041783 0.0039455 0.315068 0.53453 -1.94878 0.566148 0.475105 0.0039455 0.0037246 0.333706 0.566153 -2.06285 0.599535 0.503158 0.0037246 0.00351637 0.353386 0.599527 -2.18408 0.635013 0.532923 0.00351637 0.00332013 0.374301 0.635006 -2.31291 0.672699 0.564536 0.00332013 0.0031347 0.396517 0.672706 -2.4487 0.712406 0.597875 0.0031347 0.00295931 0.41992 0.712408 -2.5925 0.754443 0.633191 0.00295931 0.00279361 0.444694 0.754421 -2.7452 0.799075 0.670659 0.00279361 0.00263768 0.470998 0.799033 -2.90718 0.846418 0.710357 0.00263768 0.00249061 0.498903 0.846374 -3.0788 0.896552 0.752423 0.00249061 0.00235154 0.528457 0.896521 -3.26049 0.949611 0.796961 0.00235154 0.00222024 0.559739
0.00589084 0.283623 0.283622 -1.21316 0.300426 0.300425 0.00589084 0.00556215 0.300427 0.300426 -1.28338 0.31814 0.31814 0.00556215 0.00525165 0.318142 0.318142 -1.35824 0.337007 0.337007 0.00525165 0.00495793 0.337009 0.337009 -1.43753 0.356972 0.356973 0.00495793 0.00468107 0.356975 0.356975 -1.52145 0.378085 0.378086 0.00468107 0.00441989 0.378088 0.378088 -1.61037 0.400442 0.400442 0.00441989 0.00417315 0.400444 0.400445 -1.70467 0.424139 0.424139 0.00417315 0.00393988 0.424142 0.424142 -1.80478 0.449279 0.44928 0.00393988 0.00371986 0.449283 0.449282 -1.91049 0.475814 0.475815 0.00371986 0.0035122 0.475817 0.475817 -2.0228 0.503991 0.503993 0.0035122 0.00331598 0.503994 0.503995 -2.1417 0.533812 0.533814 0.00331598
0.3998 0.42428 -1.77935 0.449311 0.449299 0.00394018 0.00372018 0.423515 0.449562 -1.88359 0.47585 0.475836 0.00372018 0.00351249 0.448524 0.476144 -1.99416 0.504023 0.504014 0.00351249 0.0033162 0.475068 0.504226 -2.11135 0.533838 0.533833 0.0033162 0.00313106 0.503159 0.534072 -2.2355 0.56541 0.565401 0.00313106 0.00295614 0.532928 0.565672 -2.36728 0.598922 0.59891 0.00295614 0.00279102 0.56452 0.59918 -2.50649 0.63432 0.634309 0.00279102 0.00263521 0.597879 0.634559 -2.65416 0.671861 0.67185 0.00263521 0.00248797 0.633271 0.67205 -2.81076 0.711641 0.71163 0.00248797 0.00234903 0.670764 0.711886 -2.97646 0.753719 0.753702 0.00234903 0.00221787 0.710436 0.754033 -3.15209 0.798327 0.79831 0.00221787 0.00209395
0.0336571 9.089 0.0498711 -9.79824 0.052824 0.0336571 0.0317775 9.62716 0.052824 -10.37 0.0559469 0.0317775 0.0300031 10.1963 0.0559469 -10.9766 0.0592582 0.0300031 0.0283269 10.7998 0.0592582 -11.6196 0.0627654 0.0283269 0.0267444 11.439 0.0627654 -12.3008 0.0664796 0.0267444 0.0252508 12.1159 0.0664796 -13.0224 0.0704118 0.0252508 0.0238409 12.8325 0.0704118 -13.7871 0.0745769 0.0238409 0.0225088 13.5916 0.0745769 -14.5982 0.0789932 0.0225088 0.0212404 14.3965 0.0789932 -15.4199 0.0835751 0.0212404 15.2315 0.0835751 -5.57708 0.0149103 2.71738 0.112504 2.71738 0.0149103 -6.00678 0.0157929 2.87823 0.112504 0.106223 2.87824 0.0157929 -6.33714 0.0167276 3.04858 0.106223 0.100293 3.04859 0.0167276 -6.6885
