gnn/A_csr_10400.dat
nRows 23325
nCols 23325
[rows 0 to 13 of 14, columns 22869 to 22945 of 23325]
155335 155341 155347 155353 155359 155365 155371 155377 155383 155389 155395 155401 155407 155413 155419 155425 155431 155437 155443 155449 155455 155461 155467 155473 155479 155484 155489 155495 155501 155507 155513 155519 155525 155531 155537 155543 155549 155555 155561 155567 155573 155579 155585 155591 155597 155603 155609 155615 155621 155627 155633 155639 155645 155651 155657 155663 155668 155673 155679 155685 155691 155697 155703 155709 155715 155721 155727 155733 155739 155745 155751 155757 155763 155769 155775 155781 155787
3397 3424 3426 3453 3929 3426 2922 3398 3425 3427 3454 3930 3427 2923 3399 3426 3428 3455 3931 3428 2924 3400 3427 3429 3456 3932 3429 2925 3401 3428 3430 3457 3933 3430 2926 3402 3429 3431 3458 3934 3431 2927 3403 3430 3432 3459 3935 3432 2928 3404 3431 3433 3460 3936 3433 2929 3405 3432 3434 3461 3937 3434 2930 3406 3433 3435 3462 3938 3435 2931 3407 3434 3436 3463 3939 3436 2932
6887 7423 6858 6292 6828 6857 6859 6888 7424 6859 6293 6829 6858 6860 6889 7425 6860 6294 6830 6859 6861 6890 7426 6861 6295 6831 6860 6862 6891 7427 6862 6296 6832 6861 6863 6892 7428 6863 6297 6833 6862 6864 6893 7429 6864 6298 6834 6863 6865 6894 7430 6865 6299 6835 6864 6866 6895 7431 6866 6300 6836 6865 6896 7432 6867 6301 6837 6868 6897 7433 6868 6302 6838 6867 6869 6898 7434
10314 10905 10284 9662 10253 10283 10285 10315 10906 10285 9663 10254 10284 10286 10316 10907 10286 9664 10255 10285 10287 10317 10908 10287 9665 10256 10286 10288 10318 10909 10288 9666 10257 10287 10289 10319 10910 10289 9667 10258 10288 10290 10320 10911 10290 9668 10259 10289 10291 10321 10912 10291 9669 10260 10290 10292 10322 10913 10292 9670 10261 10291 10293 10323 10914 10293 9671 10262 10292 10294 10324 10915 10294 9672 10263 10293 10295
14316 13693 13070 13662 13692 13694 13724 14317 13694 13071 13663 13693 13695 13725 14318 13695 13072 13664 13694 13696 13726 14319 13696 13073 13665 13695 13697 13727 14320 13697 13074 13666 13696 13698 13728 14321 13698 13075 13667 13697 13699 13729 14322 13699 13076 13668 13698 13700 13730 14323 13700 13077 13669 13699 13701 13731 14324 13701 13078 13670 13700 13702 13732 14325 13702 13079 13671 13701 13703 13733 14326 13703 13080 13672 13702 13704 13734
17112 17142 17736 17112 16487 17081 17111 17113 17143 17737 17113 16488 17082 17112 17114 17144 17738 17114 16489 17083 17113 17115 17145 17739 17115 16490 17084 17114 17116 17146 17740 17116 16491 17085 17115 17117 17147 17741 17117 16492 17086 17116 17118 17148 17742 17118 16493 17087 17117 17119 17149 17743 17119 16494 17088 17118 17120 17150 17744 17120 16495 17089 17119 17121 17151 17745 17121 16496 17090 17120 17122 17152 17746 17122 16497 17091 17121
20521 20551 21145 20521 19896 20490 20520 20522 20552 21146 20522 19897 20491 20521 20523 20553 21147 20523 19898 20492 20522 20524 20554 21148 20524 19899 20493 20523 20525 20555 21149 20525 19900 20494 20524 20526 20556 21150 20526 19901 20495 20525 20527 20557 21151 20527 19902 20496 20526 20528 20558 21152 20528 19903 20497 20527 20529 20559 21153 20529 19904 20498 20528 20530 20560 21154 20530 19905 20499 20529 20531 20561 21155 20531 19906 20500 20530
9.62746 0.0336591 0.0317793 9.07458 0.0528271 -19.9814 0.0559502 10.1966 0.0317793 0.0300048 9.61105 0.0559501 -21.1569 0.0592617 10.8001 0.0300048 0.0283285 10.1799 0.0592617 -22.4024 0.0627692 11.4393 0.0283285 0.026746 10.7824 0.0627691 -23.7217 0.0664836 12.1163 0.026746 0.0252523 11.4205 0.0664835 -25.1188 0.070416 12.8329 0.0252523 0.0238422 12.096 0.0704159 -26.599 0.0745813 13.592 0.0238422 0.0225102 12.8115 0.0745812 -28.1688 0.0789979 14.3969 0.0225102 0.0212417 13.5702 0.0789978 -29.7777 0.0835802 15.232 0.0212417 14.3573 0.0835801 -5.32761 0.0199 3.04369 0.106356 2.13776 0.0199 -5.73702 0.0210776 3.22382 0.106356 0.100417 2.26427 0.0210776 -6.05287 0.0223255 3.41467 0.100417
1.06465 0.00166461 0.00157096 1.06469 1.06441 -3.53656 0.155417 1.12662 0.00157096 1.12667 1.12628 -0.756678 0.0329608 0.23895 0.00700772 0.238947 0.238812 -0.807755 0.0349161 0.253142 0.00700772 0.0066144 0.253112 0.252963 -0.853456 0.0369562 0.26789 0.0066144 0.00624188 0.267918 0.267835 -0.902322 0.0391356 0.283678 0.00624188 0.00589416 0.283716 0.283656 -0.954875 0.0414779 0.300702 0.00589416 0.00556612 0.30068 0.300555 -1.00959 0.04391 0.318308 0.00556612 0.0052551 0.318325 0.318227 -1.06842 0.0465244 0.337248 0.0052551 0.00496263 0.337289 0.33714 -1.13087 0.0492967 0.357372 0.00496263 0.00468655 0.357376 0.357174 -1.19674 0.0522169 0.378564 0.00468655 0.00442534 0.378533 0.378314 -1.26649 0.0553058 0.400972 0.00442534
-2.70477 1.22009 0.147896 0.0151056 0.0142626 0.0873377 1.22008 -2.86117 1.29216 0.156629 0.0142626 0.0134657 0.0924977 1.29215 -3.02713 1.36855 0.165883 0.0134657 0.012713 0.0979676 1.36855 -3.20374 1.44976 0.175731 0.012713 0.0120036 0.10378 1.44975 -3.39026 1.53544 0.186125 0.0120036 0.0113336 0.109912 1.53544 -3.58825 1.62633 0.19714 0.0113336 0.0107003 0.116419 1.62633 -3.79805 1.72258 0.208803 0.0107003 0.010103 0.123308 1.72256 -4.02029 1.82445 0.221153 0.010103 0.00953848 0.130601 1.82444 -4.25616 1.93252 0.234249 0.00953848 0.00900554 0.138337 1.93251 -4.5056 2.04675 0.248095 0.00900554 0.00850275 0.146514 2.04673 -4.77019 2.16787 0.262776 0.00850275 0.00802763 0.155184 2.16783
-2.69241 0.67182 0.671825 0.00263501 0.00248778 0.671821 0.671818 -2.85124 0.711599 0.711604 0.00248778 0.00234885 0.7116 0.711597 -3.01924 0.753667 0.753672 0.00234885 0.00221769 0.753668 0.753665 -3.19741 0.798274 0.79828 0.00221769 0.00209379 0.798275 0.798272 -3.38616 0.84552 0.845526 0.00209379 0.00197683 0.845521 0.845518 -3.58606 0.895554 0.89556 0.00197683 0.00186643 0.895555 0.895552 -3.79773 0.948525 0.948532 0.00186643 0.00176221 0.948526 0.948523 -4.02196 1.00463 1.00464 0.00176221 0.00166375 1.00463 1.00463 -4.25974 1.06412 1.06413 0.00166375 0.00157 1.06413 1.06412 -4.50502 1.12586 1.12587 0.00157 1.12586 1.12586 -0.81175 0.200859 0.200858 0.00831591 0.200857 0.20086 -0.867166 0.212751
0.0577731 0.0215619 2.4794 -5.42605 2.6261 0.0386811 0.0577731 0.0545449 0.0228378 2.62612 -5.73472 2.78174 0.0409739 0.0545449 0.0515024 0.0241914 2.78176 -6.06082 2.94583 0.0433914 0.0515024 0.0486278 0.0256183 2.94585 -6.4087 3.12052 0.0459638 0.0486278 0.045908 0.0271376 3.12054 -6.77749 3.30539 0.048687 0.045908 0.0433443 0.0287453 3.30541 -7.16807 3.50088 0.0515673 0.0433443 0.0409256 0.0304453 3.5009 -7.58211 3.70783 0.0546148 0.0409256 0.0386407 0.0322451 3.70785 -8.02163 3.92724 0.0578462 0.0386407 0.0364809 0.0341532 3.92727 -8.48858 4.16009 0.0612768 0.0364809 0.034444 0.0361781 4.16012 -8.98181 4.4058 0.0648965 0.034444 0.0325212 0.0383149 4.40583 -9.50594 4.66668 0.0687382 0.0325212
0.0695922 -1.68312 0.534117 0.534425 0.00331953 0.00313382 0.534409 0.073718 -1.78135 0.565593 0.565804 0.00313382 0.0029581 0.56581 0.0780496 -1.88616 0.599099 0.599322 0.0029581 0.00279308 0.599311 0.082672 -1.99732 0.634573 0.634889 0.00279308 0.00263753 0.634849 0.087575 -2.11503 0.672155 0.672517 0.00263753 0.00249047 0.672468 0.0927648 -2.23998 0.712013 0.712445 0.00249047 0.00235152 0.71241 0.0982729 -2.37173 0.754083 0.754506 0.00235152 0.00222019 0.754493 0.104077 -2.51167 0.798732 0.799216 0.00222019 0.00209623 0.79917 0.110241 -2.6599 0.846017 0.846546 0.00209623 0.00197895 0.846495 0.116769 -2.81634 0.895986 0.896432 0.00197895 0.00186827 0.896419 0.123655 -2.98257 0.949001 0.949486 0.00186827 0.00176405 0.94948
0.160926 -6.54145 0.170455 3.76559 0.108606 0.102541 2.2238 0.170455 -6.90389 0.180532 3.9882 0.102541 0.0968153 2.35527 0.180532 -7.28959 0.191218 4.22426 0.0968153 0.0914064 2.49467 0.191217 -7.69936 0.202534 4.47427 0.0914064 0.0863001 2.64232 0.202534 -8.13453 0.214519 4.73903 0.0863001 0.0814804 2.79868 0.214519 -8.59639 0.227208 5.01935 0.0814804 0.0769306 2.96422 0.227208 -9.08665 0.240647 5.31624 0.0769306 0.0726324 3.13955 0.240647 -9.6075 0.254898 5.63106 0.0726324 0.0685394 3.32547 0.254898 -10.084 0.269683 5.95769 0.0685394 3.51836 0.269683 -1.77632 0.081506 0.627693 0.614997 0.37062 0.081506 -2.42573 0.0863307 0.664849 0.614997 0.580663 0.392559 0.0863307 -2.43178
