gnn/A_csr_11000.dat
nRows 23325
nCols 23325
[rows 0 to 13 of 14, columns 17017 to 17093 of 23325]
115551 115558 115565 115572 115579 115586 115593 115600 115607 115614 115621 115628 115635 115642 115649 115656 115663 115670 115677 115684 115691 115698 115705 115712 115719 115726 115733 115740 115747 115754 115760 115765 115771 115777 115783 115789 115795 115801 115807 115813 115819 115825 115831 115837 115843 115849 115855 115861 115867 115873 115879 115885 115891 115897 115903 115909 115915 115921 115927 115933 115939 115944 115949 115955 115961 115967 115972 115978 115985 115992 115999 116006 116012 116018 116024 116030 116036
2571 2573 2600 3076 2573 2069 2545 2572 2574 2601 3077 2574 2070 2546 2573 2575 2602 3078 2575 2071 2547 2574 2603 3079 2576 2072 2548 2577 2604 3080 2577 2073 2549 2576 2578 2605 3081 2578 2074 2550 2577 2579 2606 3082 2579 2075 2551 2578 2580 2607 3083 2580 2076 2552 2579 2581 2608 3084 2581 2077 2553 2580 2582 2609 3085 2582 2078 2554 2581 2583 2610 3086 2583 2079 2555 2582 2584
6556 5994 5446 5965 5993 5995 6023 6557 5995 5447 5966 5994 5996 6024 6558 5996 5448 5967 5995 5997 6025 6559 5997 5449 5968 5996 5998 6026 6560 5998 5450 5969 5997 5999 6027 6561 5999 5451 5970 5998 6000 6028 6562 6000 5452 5971 5999 6001 6029 6563 6001 5453 5972 6000 6002 6030 6564 6002 5454 5973 6001 6003 6031 6565 6003 5455 5974 6002 6004 6032 6566 6004 5456 5975 6003 6005 6033
9420 9422 9452 10043 9422 8800 9391 9421 9423 9453 10044 9423 8801 9392 9422 9424 9454 10045 9424 8802 9393 9423 9425 9455 10046 9425 8803 9394 9424 9426 9456 10047 9426 8804 9395 9425 9427 9457 10048 9427 8805 9396 9426 9428 9458 10049 9428 8806 9397 9427 9429 9459 10050 9429 8807 9398 9428 9430 9460 10051 9430 8808 9399 9429 9431 9461 10052 9431 8809 9400 9430 9432 9462 10053 9432 8810 9401
12840 12217 12809 12839 12841 12871 13463 12841 12218 12810 12840 12842 12872 13464 12842 12219 12811 12841 12843 12873 13465 12843 12220 12812 12842 12844 12874 13466 12844 12221 12813 12843 12845 12875 13467 12845 12222 12814 12844 12846 12876 13468 12846 12223 12815 12845 12847 12877 13469 12847 12224 12816 12846 12848 12878 13470 12848 12225 12817 12847 12849 12879 13471 12849 12226 12818 12848 12850 12880 13472 12850 12227 12819 12849 12851 12881 13473
16218 16248 16250 16280 16874 16250 15625 16219 16249 16251 16281 16875 16251 15626 16220 16250 16252 16282 16876 16252 15627 16221 16251 16253 16283 16877 16253 15628 16222 16252 16254 16284 16878 16254 15629 16223 16253 16255 16285 16879 16255 15630 16224 16254 16256 16286 16880 16256 15631 16225 16255 16257 16287 16881 16257 15632 16226 16256 16258 16288 16882 16258 15633 16227 16257 16259 16289 16883 16259 15634 16228 16258 16260 16290 16884 16260 15635
19666 19668 19698 20292 19668 19043 19637 19667 19669 19699 20293 19669 19044 19638 19668 19670 19700 20294 19670 19045 19639 19669 19671 19701 20295 19671 19046 19640 19670 19672 19702 20296 19672 19047 19641 19671 19703 20297 19673 19048 19642 19674 19704 20298 19674 19049 19643 19673 19675 19705 20299 19675 19050 19644 19674 19676 19706 20300 19676 19051 19645 19675 19677 19707 20301 19677 19052 19646 19676 19678 19708 20302 19678 19053 19647 19677 19679
22515 23109 23139 23141 23171 23141 22516 23110 23140 23142 23172 23142 22517 23111 23141 23143 23173 23143 22518 23112 23142 23144 23174 23144 22519 23113 23143 23145 23175 23145 22520 23114 23144 23146 23176 23146 22521 23115 23145 23147 23177 23147 22522 23116 23146 23148 23178 23148 22523 23117 23147 23149 23179 23149 22524 23118 23148 23150 23180 23150 22525 23119 23149 23151 23181 23151 22526 23120 23150 23152 23182 23152 22527 23121 23151 23153 23183
1.68353 0.0449747 -5.16034 0.0476428 3.01859 0.135307 0.12774 1.78341 0.0476435 -5.43563 0.0504644 3.19733 0.12774 0.120606 1.88902 0.050464 -5.72865 0.0534495 3.38649 0.120606 0.113877 2.00077 0.0534511 -6.04033 0.0566092 3.58667 0.113877 0.107517 2.11904 0.0566088 -6.37219 0.0599586 3.79885 0.107517 0.101508 2.24441 0.0599564 -6.72597 0.0635135 4.02411 0.101508 0.09584 2.37749 0.0635138 -7.10054 0.0672647 4.26178 0.09584 0.0904897 2.5179 0.0672637 -7.49958 0.0712481 4.51415 0.0904897 0.0854347 2.66701 0.0712482 -7.92322 0.0754647 4.78134 0.0854347 0.0806644 2.82486 0.0754656 -8.37236 0.0799252 5.06388 0.0806644 0.0761561 2.9918 0.0799223 -8.85044 0.0846615 5.36396 0.0761561 0.0719034
-3.19742 0.798281 0.798272 0.00221771 0.00209381 0.798272 0.798286 -3.38616 0.845527 0.845517 0.00209381 0.00197684 0.845517 0.845533 -3.58607 0.895561 0.89555 0.00197684 0.00186644 0.89555 0.895566 -3.79774 0.948532 0.948521 0.00186644 0.00176222 0.948521 0.948538 -4.02197 1.00464 1.00463 0.00176222 0.00166376 1.00463 1.00465 -4.25976 1.06414 1.06412 0.00166376 0.00157002 1.06412 1.06414 -4.50507 1.12588 1.12587 0.00157002 1.12587 1.12589 -0.646094 0.212747 0.0078515 0.212748 0.212748 -0.916618 0.225338 0.225338 0.0078515 0.00741313 0.225339 0.225339 -0.969117 0.238676 0.238675 0.00741313 0.00699924 0.238677 0.238677 -1.02482 0.252801 0.252801 0.00699924 0.00660843 0.252803 0.252803 -1.08392 0.267768 0.267768
29.9095 -18.4561 9.03816 0.00563757 0.374195 9.03814 -19.8798 9.57317 0.00597129 0.374195 0.353305 9.57315 -20.9727 10.1398 0.0063247 0.353305 0.333579 10.1397 -22.1351 10.74 0.00669908 0.333579 0.314955 10.7399 -23.3705 11.3756 0.00709553 0.314955 0.297368 11.3755 -24.6836 12.049 0.00751559 0.297368 0.280761 12.049 -26.078 12.7621 0.00796038 0.280761 0.265074 12.7621 -27.5606 13.5184 0.00843215 0.265074 0.250287 13.5184 -29.127 14.3158 0.00892948 0.250287 0.236317 14.3157 -30.7985 15.1648 0.00945909 0.236317 0.223101 15.1648 -32.5701 16.0632 0.0100194 0.223101 0.210641 16.0632 -34.4462 17.0131 0.0106119 0.210641 0.198887 17.013 -36.4358 18.0189 0.0112394 0.198887 0.187784
0.798282 0.00221771 0.00209381 0.798287 0.798272 -3.38617 0.845519 0.845529 0.00209381 0.00197685 0.845534 0.845519 -3.58608 0.895553 0.895564 0.00197685 0.00186644 0.895569 0.895553 -3.79775 0.948524 0.948535 0.00186644 0.00176222 0.948541 0.948524 -4.02198 1.00463 1.00464 0.00176222 0.00166377 1.00465 1.00463 -4.25976 1.06412 1.06414 0.00166377 0.00157001 1.06414 1.06412 -4.50503 1.12586 1.12587 0.00157001 1.12588 1.12586 -0.811745 0.200856 0.200859 0.00831584 0.200858 0.200856 -0.867161 0.212747 0.212751 0.00831584 0.00785162 0.212749 0.212747 -0.916627 0.225339 0.225343 0.00785162 0.00741324 0.225341 0.225339 -0.969122 0.238676 0.23868 0.00741324 0.00699931 0.238678 0.238675 -1.02481 0.2528 0.252804 0.00699931
5.65185 -12.3953 5.98639 0.0107127 0.208584 0.196939 0.00632465 5.98636 -13.0824 6.34074 0.0113469 0.196939 0.185943 0.00669902 6.34071 -13.8125 6.71599 0.0120183 0.185943 0.17556 0.00709547 6.71595 -14.5887 7.11358 0.0127298 0.17556 0.165756 0.00751553 7.11354 -15.4128 7.53458 0.0134832 0.165756 0.156494 0.00796032 7.53454 -16.2891 7.98111 0.0142823 0.156494 0.147764 0.00843208 7.98106 -17.215 8.45184 0.0151247 0.147764 0.139517 0.00892941 8.45179 -18.2029 8.95312 0.0160217 0.139517 0.131714 0.00945901 8.95307 -19.25 9.4835 0.0169709 0.131714 0.124358 0.0100194 9.48345 -20.3589 10.0443 0.0179744 0.124358 0.117419 0.0106118 10.0442 -21.5348 10.6382 0.0190371 0.117419 0.110864 0.0112393
-10.4094 0.0280666 5.11508 0.0633307 0.0597968 5.11508 0.0280666 -11.0107 0.029726 5.4175 0.0597968 0.0564586 5.4175 0.029726 -11.649 0.0314852 5.73811 0.0564586 0.0533028 5.73811 0.0314852 -12.3268 0.0333515 6.07826 0.0533028 0.0503263 6.07826 0.0333515 -13.043 0.0353214 6.43726 0.0503263 0.047517 6.43726 0.0353214 -13.8042 0.0374132 6.81848 0.047517 0.0448623 6.81848 0.0374132 -14.6104 0.0396269 7.22194 0.0448623 0.0423577 7.22194 0.0396269 -15.4642 0.04197 7.64896 0.0423577 0.039991 7.64896 0.04197 -16.3712 0.0444573 8.10226 0.039991 0.0377572 8.10226 0.0444573 -17.3299 0.047085 8.58115 0.0377572 0.0356493 8.58115 0.047085 -18.347 0.0498715 9.089 0.0356493 0.0336574 9.089 0.0498715
