gnn/A_csr_11000.dat
nRows 23325
nCols 23325
[rows 0 to 13 of 14, columns 10318 to 10394 of 23325]
69731 69738 69745 69752 69759 69766 69773 69780 69787 69794 69801 69808 69815 69822 69829 69836 69843 69850 69857 69864 69871 69878 69885 69892 69899 69906 69913 69920 69927 69933 69939 69946 69953 69960 69967 69974 69981 69988 69995 70002 70009 70016 70023 70030 70037 70044 70051 70058 70065 70072 70079 70086 70093 70100 70107 70114 70121 70128 70135 70142 70148 70154 70161 70168 70175 70182 70189 70196 70203 70210 70217 70224 70231 70238 70245 70252 70259
1588 1590 1617 2093 1590 1086 1562 1589 1591 1618 2094 1591 1087 1563 1590 1592 1619 2095 1592 1088 1564 1591 1593 1620 2096 1593 1089 1565 1592 1594 1621 2097 1594 1090 1566 1593 1595 1622 2098 1595 1091 1567 1594 1623 2099 1596 1092 1568 1597 1624 2100 1597 1093 1569 1596 1598 1625 2101 1598 1094 1570 1597 1599 1626 2102 1599 1095 1571 1598 1600 1627 2103 1600 1096 1572 1599 1601
5003 5005 5032 5508 5005 4501 4977 5004 5006 5033 5509 5006 4502 4978 5005 5007 5034 5510 5007 4503 4979 5006 5008 5035 5511 5008 4504 4980 5007 5009 5036 5512 5009 4505 4981 5008 5010 5037 5513 5010 4506 4982 5009 5011 5038 5514 5011 4507 4983 5010 5039 5515 5012 4508 4984 5013 5516 5013 4509 4985 5012 5014 5517 5014 4510 4986 5013 5015 5518 5015 4511 4987 5014 5016 5519 5016 4512
8441 8443 8473 9064 8443 7847 8412 8442 8444 8474 9065 8444 7848 8413 8443 8445 8475 9066 8445 7849 8414 8444 8446 8476 9067 8446 7850 8415 8445 8477 9068 8447 8416 8448 8478 9069 8448 8417 8447 8449 8479 9070 8449 7851 8418 8448 8450 8480 9071 8450 7852 8419 8449 8451 8481 9072 8451 7853 8420 8450 8452 8482 9073 8452 7854 8421 8451 8453 8483 9074 8453 7855 8422 8452 8454 8484 9075
11854 11856 11886 12478 11856 11234 11825 11855 11857 11887 12479 11857 11235 11826 11856 11858 11888 12480 11858 11236 11827 11857 11859 11889 12481 11859 11237 11828 11858 11860 11890 12482 11860 11238 11829 11859 11861 11891 12483 11861 11239 11830 11860 11862 11892 12484 11862 11240 11831 11861 11863 11893 12485 11863 11241 11832 11862 11864 11894 12486 11864 11242 11833 11863 11865 11895 12487 11865 11243 11834 11864 11866 11896 12488 11866 11244 11835
14650 15243 15273 15275 15305 15899 15275 14651 15244 15274 15276 15306 15900 15276 14652 15245 15275 15277 15307 15901 15277 14653 15246 15276 15278 15308 15902 15278 14654 15247 15277 15279 15309 15903 15279 14655 15248 15278 15280 15310 15904 15280 14656 15249 15279 15281 15311 15905 15281 14657 15250 15280 15282 15312 15906 15282 14658 15251 15281 15283 15313 15907 15283 14659 15252 15282 15284 15314 15908 15284 14660 15253 15283 15285 15315 15909 15285
18652 18682 18684 18714 19308 18684 18059 18653 18683 18685 18715 19309 18685 18060 18654 18684 18686 18716 19310 18686 18061 18655 18685 18687 18717 19311 18687 18062 18656 18686 18688 18718 19312 18688 18063 18657 18687 18689 18719 19313 18689 18064 18658 18688 18690 18720 19314 18690 18065 18659 18689 18691 18721 19315 18691 18066 18660 18690 18692 18722 19316 18692 18067 18661 18691 18693 18723 19317 18693 18068 18662 18692 18694 18724 19318 18694 18069
22724 22100 21475 22099 22101 22131 22725 22101 21476 22100 22102 22132 22726 22102 21477 22101 22103 22133 22727 22103 21478 22102 22104 22134 22728 22104 21479 22103 22105 22135 22729 22105 21480 22104 22106 22136 22730 22106 21481 22105 22107 22137 22731 22107 21482 22106 22108 22138 22732 22108 21483 22107 22109 22139 22733 22109 21484 22108 22110 22140 22734 22110 21485 22109 22141 22735 22111 21486 22080 22112 22142 22736 22112 21487 22081 22111 22113
0.836794 0.0641404 -3.05256 0.0679365 1.50082 0.272386 0.257166 0.886319 0.0679366 -3.17252 0.0719627 1.58976 0.257166 0.24282 0.938845 0.0719626 -3.30225 0.0762071 1.68352 0.24282 0.229268 0.994219 0.0762071 -3.44373 0.080727 1.78338 0.229268 0.216445 1.05319 0.080727 -3.59642 0.0855092 1.88902 0.216445 0.204357 1.11558 0.0855091 -3.76072 0.0905658 2.00073 0.204357 0.192954 1.18155 0.0905659 -3.9374 0.0959203 2.11902 0.192954 0.182182 1.2514 0.0959203 -4.12726 0.101597 2.24442 0.182182 0.171999 1.32546 0.101597 -4.33113 0.107619 2.37747 0.171999 0.162394 1.40403 0.107619 -4.54852 0.113976 2.51789 0.162394 0.153329 1.48696 0.113976 -4.78156 0.120726 2.667 0.153329 0.144763
0.337011 0.337011 0.00525166 0.00495796 0.337009 0.337009 -1.43754 0.356976 0.356976 0.00495796 0.00468105 0.356974 0.356974 -1.52144 0.378085 0.378085 0.00468105 0.00441985 0.378083 0.378082 -1.61035 0.400441 0.400441 0.00441985 0.00417314 0.400438 0.400439 -1.70468 0.424142 0.424143 0.00417314 0.00393989 0.424139 0.424141 -1.80479 0.449283 0.449285 0.00393989 0.00371987 0.449281 0.449282 -1.91049 0.475816 0.475817 0.00371987 0.0035122 0.475814 0.475815 -2.0228 0.503994 0.503995 0.0035122 0.00331598 0.503991 0.503992 -2.14171 0.533817 0.533817 0.00331598 0.00313086 0.533813 0.533814 -2.26761 0.565382 0.565382 0.00313086 0.00295593 0.565379 0.565379 -2.40129 0.598889 0.598889 0.00295593 0.00279082 0.598885 0.598885 -2.54256
0.56538 0.565387 -2.4013 0.598895 0.598884 0.00295597 0.00279084 0.598884 0.598892 -2.54257 0.634292 0.634281 0.00279084 0.00263503 0.634281 0.634289 -2.69242 0.67183 0.671818 0.00263503 0.0024878 0.671818 0.671827 -2.85124 0.711609 0.711596 0.0024878 0.00234887 0.711596 0.711606 -3.01925 0.753679 0.753665 0.00234887 0.00221771 0.753665 0.753675 -3.19743 0.798287 0.798272 0.00221771 0.00209381 0.798273 0.798284 -3.38617 0.845534 0.845518 0.00209381 0.00197685 0.845519 0.84553 -3.58608 0.895568 0.895552 0.00197685 0.00186644 0.895552 0.895564 -3.79775 0.94854 0.948522 0.00186644 0.00176222 0.948523 0.948536 -4.02198 1.00465 1.00463 0.00176222 0.00166377 1.00463 1.00464 -4.25976 1.06414 1.06412 0.00166377 0.00157002
4.71182 0.0241912 0.0923902 0.0872364 0.0142823 4.71184 -10.1898 4.98974 0.0256182 0.0872364 0.0823675 0.0151247 4.98976 -10.7747 5.28569 0.0271377 0.0823675 0.0777609 0.0160217 5.28571 -11.3945 5.59881 0.0287453 0.0777609 0.073418 0.0169709 5.59883 -12.051 5.92989 0.0304452 0.073418 0.0693211 0.0179744 5.92992 -12.747 6.28048 0.0322451 0.0693211 0.0654512 0.0190371 6.28051 -13.4859 6.65215 0.0341532 0.0654512 0.0617928 0.0201637 6.65218 -14.2707 7.04649 0.036178 0.0617928 0.0583423 0.021359 7.04652 -15.0998 7.46269 0.0383148 0.0583423 0.0550855 0.0226206 7.46272 -15.9809 7.90463 0.0405837 0.0550855 0.0520079 0.0239602 7.90466 -16.9142 8.37236 0.0429851 0.0520079 0.0491044 0.0253779 8.37239 -17.9027
0.00221769 0.753665 0.75367 -3.19741 0.798273 0.798278 0.00221769 0.00209379 0.798273 0.798278 -3.38616 0.84552 0.845525 0.00209379 0.00197682 0.84552 0.845525 -3.58607 0.895553 0.895558 0.00197682 0.00186642 0.895553 0.895558 -3.79773 0.948523 0.948529 0.00186642 0.0017622 0.948523 0.948529 -4.02196 1.00463 1.00464 0.0017622 0.00166374 1.00463 1.00464 -4.25973 1.06412 1.06413 0.00166374 0.00156999 1.06412 1.06413 -4.505 1.12585 1.12586 0.00156999 1.12585 1.12586 -0.811748 0.200859 0.200857 0.00831586 0.200856 0.20086 -0.867161 0.21275 0.212747 0.00831586 0.0078516 0.212747 0.212751 -0.916622 0.22534 0.225338 0.0078516 0.00741321 0.225338 0.225342 -0.969121 0.238678 0.238675 0.00741321 0.00699934 0.238675
0.123044 1.85376 0.407674 -6.39178 0.431812 3.32548 0.123044 0.11611 1.96352 0.431813 -6.62556 0.456858 3.51833 0.11611 2.0774 0.456858 -1.90729 0.138061 0.370621 1.04173 0.218818 0.138061 -2.9421 0.146233 0.39256 1.04173 0.98357 0.23177 0.146233 -2.88328 0.154888 0.415794 0.98357 0.928656 0.245488 0.154888 -2.834 0.164056 0.440406 0.928656 0.876807 0.260019 0.164056 -2.79406 0.173765 0.466468 0.876807 0.827846 0.275407 0.173765 -2.76336 0.184051 0.494083 0.827846 0.781616 0.291711 0.184052 -2.74175 0.194944 0.523325 0.781616 0.737942 0.308975 0.194945 -2.72934 0.206497 0.554338 0.737942 0.696777 0.327286 0.206498 -2.72565 0.218677 0.587036 0.696777 0.657887 0.34659
